0.000000000000000000e+00,6.856171186342407964e-11
3.333333333333333287e-02,-3.769838219369603394e-09
6.666666666666666574e-02,-1.796815496390991029e-08
1.000000000000000056e-01,-5.880867703922376677e-08
1.333333333333333315e-01,-8.984470412087830482e-08
1.666666666666666574e-01,-1.800388105266392813e-08
2.000000000000000111e-01,-4.587323871874104952e-07
2.333333333333333370e-01,-6.918262442923150957e-06
2.666666666666666630e-01,-4.039772466057911515e-05
2.999999999999999889e-01,-1.375484134769067168e-04
3.333333333333333148e-01,-2.703909995034337044e-04
3.666666666666666408e-01,-1.753148535499349236e-04
4.000000000000000222e-01,-3.123991482425481081e-04
4.333333333333333481e-01,-2.841466630343347788e-04
4.666666666666666741e-01,-9.340569376945495605e-04
5.000000000000000000e-01,7.681675488129258156e-04
5.333333333333333259e-01,1.116878484026528895e-04
5.666666666666666519e-01,-2.153454115614295006e-03
5.999999999999999778e-01,2.673301147297024727e-03
6.333333333333333037e-01,1.558899413794279099e-03
6.666666666666666297e-01,-4.780979827046394348e-03
6.999999999999999556e-01,8.585334755480289459e-03
7.333333333333332815e-01,1.167635153979063034e-02
7.666666666666666075e-01,-9.562667459249496460e-03
8.000000000000000444e-01,-1.382001582533121109e-02
8.333333333333333703e-01,1.055707596242427826e-02
8.666666666666666963e-01,2.004206553101539612e-02
9.000000000000000222e-01,-1.112021598964929581e-02
9.333333333333333481e-01,-3.825112804770469666e-02
9.666666666666666741e-01,-2.505758032202720642e-02
1.000000000000000000e+00,-1.736291497945785522e-02
1.033333333333333215e+00,-4.832730442285537720e-02
1.066666666666666652e+00,-7.402244955301284790e-02
1.100000000000000089e+00,-5.915697664022445679e-02
1.133333333333333304e+00,-4.901432991027832031e-02
1.166666666666666741e+00,-7.708210498094558716e-02
1.199999999999999956e+00,-1.001758426427841187e-01
1.233333333333333393e+00,-8.588288724422454834e-02
1.266666666666666607e+00,-7.721950113773345947e-02
1.300000000000000044e+00,-1.088917851448059082e-01
1.333333333333333259e+00,-1.351713985204696655e-01
1.366666666666666696e+00,-1.217091754078865051e-01
1.399999999999999911e+00,-1.119516119360923767e-01
1.433333333333333348e+00,-1.428011953830718994e-01
1.466666666666666563e+00,-1.706043928861618042e-01
1.500000000000000000e+00,-1.582828909158706665e-01
1.533333333333333215e+00,-1.506365984678268433e-01
1.566666666666666652e+00,-1.802913695573806763e-01
1.600000000000000089e+00,-2.037838548421859741e-01
1.633333333333333304e+00,-1.867077052593231201e-01
1.666666666666666741e+00,-1.754296720027923584e-01
1.699999999999999956e+00,-2.050791084766387939e-01
1.733333333333333393e+00,-2.295016497373580933e-01
1.766666666666666607e+00,-2.140299826860427856e-01
1.800000000000000044e+00,-2.061263769865036011e-01
1.833333333333333259e+00,-2.357503324747085571e-01
1.866666666666666696e+00,-2.582094371318817139e-01
1.899999999999999911e+00,-2.401054948568344116e-01
1.933333333333333348e+00,-2.254264950752258301e-01
1.966666666666666563e+00,-2.511574923992156982e-01
2.000000000000000000e+00,-2.712418437004089355e-01
2.033333333333333215e+00,-2.511025369167327881e-01
2.066666666666666430e+00,-2.354453653097152710e-01
2.100000000000000089e+00,-2.605452537536621094e-01
2.133333333333333304e+00,-2.802264690399169922e-01
2.166666666666666519e+00,-2.592247426509857178e-01
2.200000000000000178e+00,-2.431804239749908447e-01
2.233333333333333393e+00,-2.676674723625183105e-01
2.266666666666666607e+00,-2.866684794425964355e-01
2.299999999999999822e+00,-2.657813131809234619e-01
2.333333333333333481e+00,-2.502488791942596436e-01
2.366666666666666696e+00,-2.736862599849700928e-01
2.399999999999999911e+00,-2.915825843811035156e-01
2.433333333333333126e+00,-2.687164843082427979e-01
2.466666666666666785e+00,-2.511016726493835449e-01
2.500000000000000000e+00,-2.724085748195648193e-01
2.533333333333333215e+00,-2.879252433776855469e-01
2.566666666666666430e+00,-2.631878256797790527e-01
2.600000000000000089e+00,-2.429734468460083008e-01
2.633333333333333304e+00,-2.626197934150695801e-01
2.666666666666666519e+00,-2.766284644603729248e-01
2.700000000000000178e+00,-2.503008544445037842e-01
2.733333333333333393e+00,-2.274192720651626587e-01
2.766666666666666607e+00,-2.445419579744338989e-01
2.799999999999999822e+00,-2.572481036186218262e-01
2.833333333333333481e+00,-2.290557175874710083e-01
2.866666666666666696e+00,-2.052319049835205078e-01
2.899999999999999911e+00,-2.217620313167572021e-01
2.933333333333333126e+00,-2.341415137052536011e-01
2.966666666666666785e+00,-2.058179527521133423e-01
3.000000000000000000e+00,-1.830317527055740356e-01
3.033333333333333215e+00,-2.005880624055862427e-01
3.066666666666666430e+00,-2.121013551950454712e-01
3.100000000000000089e+00,-1.835181117057800293e-01
3.133333333333333304e+00,-1.604872196912765503e-01
3.166666666666666519e+00,-1.767425835132598877e-01
3.200000000000000178e+00,-1.878680884838104248e-01
3.233333333333333393e+00,-1.584095060825347900e-01
3.266666666666666607e+00,-1.339311748743057251e-01
3.299999999999999822e+00,-1.494425088167190552e-01
3.333333333333333481e+00,-1.605601906776428223e-01
3.366666666666666696e+00,-1.313440948724746704e-01
3.399999999999999911e+00,-1.057353690266609192e-01
3.433333333333333126e+00,-1.204075068235397339e-01
3.466666666666666785e+00,-1.285891085863113403e-01
3.500000000000000000e+00,-9.923019260168075562e-02
3.533333333333333215e+00,-7.705068588256835938e-02
3.566666666666666430e+00,-9.543729573488235474e-02
3.600000000000000089e+00,-1.083105728030204773e-01
3.633333333333333304e+00,-8.113441616296768188e-02
3.666666666666666519e+00,-5.942047014832496643e-02
3.699999999999999734e+00,-7.823251932859420776e-02
3.733333333333333393e+00,-9.142603725194931030e-02
3.766666666666666607e+00,-6.455688178539276123e-02
3.799999999999999822e+00,-4.322740063071250916e-02
3.833333333333333481e+00,-6.154511868953704834e-02
3.866666666666666696e+00,-7.453434914350509644e-02
3.899999999999999911e+00,-4.640655964612960815e-02
3.933333333333333126e+00,-2.286612801253795624e-02
3.966666666666666785e+00,-3.780727833509445190e-02
4.000000000000000000e+00,-4.837060347199440002e-02
4.033333333333333215e+00,-1.889225840568542480e-02
4.066666666666666430e+00,5.240540951490402222e-03
4.099999999999999645e+00,-1.191152073442935944e-02
4.133333333333332860e+00,-2.409077621996402740e-02
4.166666666666666963e+00,4.716543015092611313e-03
4.200000000000000178e+00,2.805211208760738373e-02
4.233333333333333393e+00,1.163386553525924683e-02
4.266666666666666607e+00,1.004457808448933065e-04
4.299999999999999822e+00,2.696542069315910339e-02
4.333333333333333037e+00,4.878300428390502930e-02
4.366666666666666252e+00,2.991836331784725189e-02
4.400000000000000355e+00,1.605661958456039429e-02
4.433333333333333570e+00,4.216489195823669434e-02
4.466666666666666785e+00,6.387849152088165283e-02
4.500000000000000000e+00,4.712167009711265564e-02
4.533333333333333215e+00,3.436696901917457581e-02
4.566666666666666430e+00,6.106264889240264893e-02
4.599999999999999645e+00,8.272219449281692505e-02
4.633333333333332860e+00,6.433446705341339111e-02
4.666666666666666963e+00,5.259333550930023193e-02
4.700000000000000178e+00,8.133228868246078491e-02
4.733333333333333393e+00,1.051087528467178345e-01
4.766666666666666607e+00,8.832062035799026489e-02
4.799999999999999822e+00,7.794648408889770508e-02
4.833333333333333037e+00,1.085597574710845947e-01
4.866666666666666252e+00,1.341144591569900513e-01
4.900000000000000355e+00,1.194249913096427917e-01
4.933333333333333570e+00,1.111542582511901855e-01
4.966666666666666785e+00,1.423999369144439697e-01
5.000000000000000000e+00,1.684181690216064453e-01
5.033333333333333215e+00,1.553872227668762207e-01
5.066666666666666430e+00,1.470264494419097900e-01
5.099999999999999645e+00,1.760551482439041138e-01
5.133333333333332860e+00,1.988527476787567139e-01
5.166666666666666963e+00,1.812160164117813110e-01
5.200000000000000178e+00,1.683891713619232178e-01
5.233333333333333393e+00,1.940171420574188232e-01
5.266666666666666607e+00,2.144168913364410400e-01
5.299999999999999822e+00,1.950464248657226562e-01
5.333333333333333037e+00,1.805524677038192749e-01
5.366666666666666252e+00,2.043393105268478394e-01
5.400000000000000355e+00,2.228042632341384888e-01
5.433333333333333570e+00,2.009369283914566040e-01
5.466666666666666785e+00,1.838990002870559692e-01
5.500000000000000000e+00,2.059866935014724731e-01
5.533333333333333215e+00,2.231321483850479126e-01
5.566666666666666430e+00,1.994113177061080933e-01
5.599999999999999645e+00,1.805178970098495483e-01
5.633333333333332860e+00,2.016567438840866089e-01
5.666666666666666963e+00,2.181958556175231934e-01
5.700000000000000178e+00,1.961603313684463501e-01
5.733333333333333393e+00,1.791808754205703735e-01
5.766666666666666607e+00,2.021775543689727783e-01
5.799999999999999822e+00,2.179534584283828735e-01
5.833333333333333037e+00,1.940844953060150146e-01
5.866666666666666252e+00,1.782528012990951538e-01
5.900000000000000355e+00,2.031136900186538696e-01
5.933333333333333570e+00,2.234655469655990601e-01
5.966666666666666785e+00,2.026728987693786621e-01
6.000000000000000000e+00,1.874358952045440674e-01
6.033333333333333215e+00,2.124828100204467773e-01
6.066666666666666430e+00,2.316227853298187256e-01
6.099999999999999645e+00,2.109900116920471191e-01
6.133333333333332860e+00,1.959307789802551270e-01
6.166666666666666963e+00,2.212038934230804443e-01
6.200000000000000178e+00,2.417346835136413574e-01
6.233333333333333393e+00,2.229198515415191650e-01
6.266666666666666607e+00,2.093265354633331299e-01
6.299999999999999822e+00,2.365592569112777710e-01
6.333333333333333037e+00,2.589857876300811768e-01
6.366666666666666252e+00,2.432289868593215942e-01
6.400000000000000355e+00,2.319451570510864258e-01
6.433333333333333570e+00,2.605154216289520264e-01
6.466666666666666785e+00,2.838253378868103027e-01
6.500000000000000000e+00,2.663829326629638672e-01
6.533333333333333215e+00,2.537759244441986084e-01
6.566666666666666430e+00,2.826489806175231934e-01
6.599999999999999645e+00,3.059885203838348389e-01
6.633333333333332860e+00,2.876511216163635254e-01
6.666666666666666963e+00,2.744387090206146240e-01
6.700000000000000178e+00,3.029496669769287109e-01
6.733333333333333393e+00,3.257593512535095215e-01
6.766666666666666607e+00,3.076727092266082764e-01
6.799999999999999822e+00,2.946389019489288330e-01
6.833333333333333037e+00,3.215030729770660400e-01
6.866666666666666252e+00,3.431853652000427246e-01
6.899999999999999467e+00,3.259194791316986084e-01
6.933333333333333570e+00,3.133233189582824707e-01
6.966666666666666785e+00,3.402963578701019287e-01
7.000000000000000000e+00,3.619536161422729492e-01
7.033333333333333215e+00,3.439880609512329102e-01
7.066666666666666430e+00,3.308185935020446777e-01
7.099999999999999645e+00,3.570693731307983398e-01
7.133333333333332860e+00,3.784044086933135986e-01
7.166666666666666963e+00,3.603794276714324951e-01
7.200000000000000178e+00,3.473990857601165771e-01
7.233333333333333393e+00,3.754598796367645264e-01
7.266666666666666607e+00,3.979734778404235840e-01
7.299999999999999822e+00,3.799306750297546387e-01
7.333333333333333037e+00,3.672974109649658203e-01
7.366666666666666252e+00,3.941131830215454102e-01
7.399999999999999467e+00,4.149954617023468018e-01
7.433333333333333570e+00,3.932669758796691895e-01
7.466666666666666785e+00,3.771553337574005127e-01
7.500000000000000000e+00,4.022507965564727783e-01
7.533333333333333215e+00,4.227718710899353027e-01
7.566666666666666430e+00,4.025952517986297607e-01
7.599999999999999645e+00,3.858890533447265625e-01
7.633333333333332860e+00,4.102027714252471924e-01
7.666666666666666963e+00,4.289672970771789551e-01
7.700000000000000178e+00,4.058746695518493652e-01
7.733333333333333393e+00,3.877780139446258545e-01
7.766666666666666607e+00,4.092417061328887939e-01
7.799999999999999822e+00,4.252402782440185547e-01
7.833333333333333037e+00,4.003501832485198975e-01
7.866666666666666252e+00,3.805546462535858154e-01
7.899999999999999467e+00,3.992201685905456543e-01
7.933333333333333570e+00,4.132283031940460205e-01
7.966666666666666785e+00,3.868962526321411133e-01
8.000000000000000000e+00,3.658148944377899170e-01
8.033333333333333215e+00,3.859026730060577393e-01
8.066666666666666430e+00,4.009541571140289307e-01
8.099999999999999645e+00,3.742082417011260986e-01
8.133333333333332860e+00,3.530912995338439941e-01
8.166666666666666075e+00,3.735753297805786133e-01
8.199999999999999289e+00,3.889957666397094727e-01
8.233333333333332504e+00,3.637733161449432373e-01
8.266666666666665719e+00,3.442763090133666992e-01
8.300000000000000711e+00,3.645483851432800293e-01
8.333333333333333925e+00,3.796617090702056885e-01
8.366666666666667140e+00,3.556844294071197510e-01
8.400000000000000355e+00,3.369671404361724854e-01
8.433333333333333570e+00,3.577892184257507324e-01
8.466666666666666785e+00,3.745481967926025391e-01
8.500000000000000000e+00,3.522096872329711914e-01
8.533333333333333215e+00,3.346204459667205811e-01
8.566666666666666430e+00,3.560660183429718018e-01
8.599999999999999645e+00,3.718269169330596924e-01
8.633333333333332860e+00,3.470690548419952393e-01
8.666666666666666075e+00,3.270793557167053223e-01
8.699999999999999289e+00,3.467023074626922607e-01
8.733333333333332504e+00,3.614104390144348145e-01
8.766666666666665719e+00,3.353229165077209473e-01
8.800000000000000711e+00,3.141632676124572754e-01
8.833333333333333925e+00,3.323656618595123291e-01
8.866666666666667140e+00,3.458088636398315430e-01
8.900000000000000355e+00,3.184351623058319092e-01
8.933333333333333570e+00,2.960407137870788574e-01
8.966666666666666785e+00,3.137766718864440918e-01
9.000000000000000000e+00,3.266597390174865723e-01
9.033333333333333215e+00,2.989395260810852051e-01
9.066666666666666430e+00,2.762077748775482178e-01
9.099999999999999645e+00,2.935630083084106445e-01
9.133333333333332860e+00,3.060702383518218994e-01
9.166666666666666075e+00,2.779825627803802490e-01
9.199999999999999289e+00,2.547344863414764404e-01
9.233333333333332504e+00,2.715601921081542969e-01
9.266666666666665719e+00,2.837731838226318359e-01
9.300000000000000711e+00,2.571192085742950439e-01
9.333333333333333925e+00,2.354416549205780029e-01
9.366666666666667140e+00,2.541450560092926025e-01
9.400000000000000355e+00,2.668306827545166016e-01
9.433333333333333570e+00,2.404708862304687500e-01
9.466666666666666785e+00,2.214404791593551636e-01
9.500000000000000000e+00,2.423395514488220215e-01
9.533333333333333215e+00,2.589636743068695068e-01
9.566666666666666430e+00,2.360203117132186890e-01
9.599999999999999645e+00,2.186212092638015747e-01
9.633333333333332860e+00,2.409832775592803955e-01
9.666666666666666075e+00,2.563616037368774414e-01
9.699999999999999289e+00,2.315514087677001953e-01
9.733333333333332504e+00,2.119106352329254150e-01
9.766666666666665719e+00,2.323622107505798340e-01
9.800000000000000711e+00,2.462755292654037476e-01
9.833333333333333925e+00,2.196558266878128052e-01
9.866666666666667140e+00,1.979557573795318604e-01
9.900000000000000355e+00,2.162896841764450073e-01
9.933333333333333570e+00,2.281810343265533447e-01
9.966666666666666785e+00,1.994844526052474976e-01
1.000000000000000000e+01,1.752979308366775513e-01
1.003333333333333321e+01,1.912127137184143066e-01
1.006666666666666643e+01,2.011438757181167603e-01
1.009999999999999964e+01,1.704223304986953735e-01
1.013333333333333286e+01,1.437234878540039062e-01
1.016666666666666607e+01,1.571967601776123047e-01
1.019999999999999929e+01,1.652229428291320801e-01
1.023333333333333250e+01,1.341845393180847168e-01
1.026666666666666572e+01,1.078814417123794556e-01
1.030000000000000071e+01,1.218158751726150513e-01
1.033333333333333393e+01,1.309217512607574463e-01
1.036666666666666714e+01,1.012365445494651794e-01
1.040000000000000036e+01,7.589317113161087036e-02
1.043333333333333357e+01,8.855456858873367310e-02
1.046666666666666679e+01,9.554719179868698120e-02
1.050000000000000000e+01,6.510520726442337036e-02
1.053333333333333321e+01,4.347334802150726318e-02
1.056666666666666643e+01,6.260756403207778931e-02
1.059999999999999964e+01,7.675864547491073608e-02
1.063333333333333286e+01,5.095608532428741455e-02
1.066666666666666607e+01,2.801634185016155243e-02
1.069999999999999929e+01,4.406008869409561157e-02
1.073333333333333250e+01,5.521699041128158569e-02
1.076666666666666572e+01,2.493605948984622955e-02
1.080000000000000071e+01,-3.440084401518106461e-04
1.083333333333333393e+01,1.469478849321603775e-02
1.086666666666666714e+01,2.396610192954540253e-02
1.090000000000000036e+01,-7.541778963059186935e-03
1.093333333333333357e+01,-3.391477838158607483e-02
1.096666666666666679e+01,-1.975872367620468140e-02
1.100000000000000000e+01,-1.059471163898706436e-02
1.103333333333333321e+01,-4.128900915384292603e-02
1.106666666666666643e+01,-6.739382445812225342e-02
1.109999999999999964e+01,-5.285344645380973816e-02
1.113333333333333286e+01,-4.278243333101272583e-02
1.116666666666666607e+01,-7.286223769187927246e-02
1.119999999999999929e+01,-9.875046461820602417e-02
1.123333333333333250e+01,-8.393352478742599487e-02
1.126666666666666572e+01,-7.305395603179931641e-02
1.130000000000000071e+01,-1.024913787841796875e-01
1.133333333333333393e+01,-1.278799921274185181e-01
1.136666666666666714e+01,-1.124648079276084900e-01
1.140000000000000036e+01,-1.020908430218696594e-01
1.143333333333333357e+01,-1.319911777973175049e-01
1.146666666666666679e+01,-1.562823802232742310e-01
1.150000000000000000e+01,-1.401287764310836792e-01
1.153333333333333321e+01,-1.307371556758880615e-01
1.156666666666666643e+01,-1.614812612533569336e-01
1.159999999999999964e+01,-1.848183870315551758e-01
1.163333333333333286e+01,-1.674738377332687378e-01
1.166666666666666607e+01,-1.551942378282546997e-01
1.169999999999999929e+01,-1.827086359262466431e-01
1.173333333333333250e+01,-2.032629847526550293e-01
1.176666666666666572e+01,-1.834399700164794922e-01
1.180000000000000071e+01,-1.688060462474822998e-01
1.183333333333333393e+01,-1.939579695463180542e-01
1.186666666666666714e+01,-2.123031467199325562e-01
1.190000000000000036e+01,-1.902977079153060913e-01
1.193333333333333357e+01,-1.731576323509216309e-01
1.196666666666666679e+01,-1.958739757537841797e-01
1.200000000000000000e+01,-2.124613672494888306e-01
1.203333333333333321e+01,-1.886213123798370361e-01
1.206666666666666643e+01,-1.687047332525253296e-01
1.209999999999999964e+01,-1.887642741203308105e-01
1.213333333333333286e+01,-2.037321925163269043e-01
1.216666666666666607e+01,-1.781277209520339966e-01
1.219999999999999929e+01,-1.553846001625061035e-01
1.223333333333333250e+01,-1.718437224626541138e-01
1.226666666666666572e+01,-1.833399832248687744e-01
1.230000000000000071e+01,-1.563189029693603516e-01
1.233333333333333393e+01,-1.356531381607055664e-01
1.236666666666666714e+01,-1.553845554590225220e-01
1.240000000000000036e+01,-1.693158447742462158e-01
1.243333333333333357e+01,-1.433240026235580444e-01
1.246666666666666679e+01,-1.220494508743286133e-01
1.250000000000000000e+01,-1.408876776695251465e-01
1.253333333333333321e+01,-1.562185883522033691e-01
1.256666666666666643e+01,-1.315967291593551636e-01
1.259999999999999964e+01,-1.133796051144599915e-01
1.263333333333333286e+01,-1.348491162061691284e-01
1.266666666666666607e+01,-1.510963588953018188e-01
1.269999999999999929e+01,-1.266419142484664917e-01
1.273333333333333250e+01,-1.061433553695678711e-01
1.276666666666666572e+01,-1.265055686235427856e-01
1.280000000000000071e+01,-1.404850035905838013e-01
1.283333333333333393e+01,-1.133316829800605774e-01
1.286666666666666714e+01,-9.201871603727340698e-02
1.290000000000000036e+01,-1.100082397460937500e-01
1.293333333333333357e+01,-1.224598437547683716e-01
1.296666666666666679e+01,-9.465171396732330322e-02
1.300000000000000000e+01,-7.317550480365753174e-02
1.303333333333333321e+01,-9.147135913372039795e-02
1.306666666666666643e+01,-1.041086912155151367e-01
1.309999999999999964e+01,-7.764631509780883789e-02
1.313333333333333286e+01,-5.657306313514709473e-02
1.316666666666666607e+01,-7.543095946311950684e-02
1.319999999999999929e+01,-8.898267149925231934e-02
1.323333333333333250e+01,-6.245879828929901123e-02
1.326666666666666572e+01,-4.112664610147476196e-02
1.329999999999999893e+01,-5.856253579258918762e-02
1.333333333333333393e+01,-7.116228342056274414e-02
1.336666666666666714e+01,-4.580638557672500610e-02
1.340000000000000036e+01,-2.586662769317626953e-02
1.343333333333333357e+01,-4.729489609599113464e-02
1.346666666666666679e+01,-6.403305381536483765e-02
1.350000000000000000e+01,-4.004483669996261597e-02
1.353333333333333321e+01,-2.031760849058628082e-02
1.356666666666666643e+01,-4.232524707913398743e-02
1.359999999999999964e+01,-6.016079708933830261e-02
1.363333333333333286e+01,-3.774056583642959595e-02
1.366666666666666607e+01,-1.980764418840408325e-02
1.369999999999999929e+01,-4.098057001829147339e-02
1.373333333333333250e+01,-5.734597519040107727e-02
1.376666666666666572e+01,-3.273059055209159851e-02
1.379999999999999893e+01,-1.437830366194248199e-02
1.383333333333333393e+01,-3.609412163496017456e-02
1.386666666666666714e+01,-5.142232403159141541e-02
1.390000000000000036e+01,-2.655861899256706238e-02
1.393333333333333357e+01,-7.201665081083774567e-03
1.396666666666666679e+01,-2.850057929754257202e-02
1.400000000000000000e+01,-4.438561946153640747e-02
1.403333333333333321e+01,-2.238440327346324921e-02
1.406666666666666643e+01,-5.462166387587785721e-03
1.409999999999999964e+01,-2.768094651401042938e-02
1.413333333333333286e+01,-4.478094354271888733e-02
1.416666666666666607e+01,-2.270351164042949677e-02
1.419999999999999929e+01,-5.558285862207412720e-03
1.423333333333333250e+01,-2.779476344585418701e-02
1.426666666666666572e+01,-4.478887841105461121e-02
1.429999999999999893e+01,-2.234253846108913422e-02
1.433333333333333393e+01,-4.686282481998205185e-03
1.436666666666666714e+01,-2.644278109073638916e-02
1.440000000000000036e+01,-4.281494393944740295e-02
1.443333333333333357e+01,-1.766068674623966217e-02
1.446666666666666679e+01,2.375520765781402588e-03
1.450000000000000000e+01,-1.712309010326862335e-02
1.453333333333333321e+01,-3.140720352530479431e-02
1.456666666666666643e+01,-3.979572094976902008e-03
1.459999999999999964e+01,1.783295534551143646e-02
1.463333333333333286e+01,-1.748061156831681728e-03
1.466666666666666607e+01,-1.572432555258274078e-02
1.469999999999999929e+01,1.060741674154996872e-02
1.473333333333333250e+01,3.278310224413871765e-02
1.476666666666666572e+01,1.517821103334426880e-02
1.479999999999999893e+01,3.144063055515289307e-03
1.483333333333333393e+01,3.150269389152526855e-02
1.486666666666666714e+01,5.613470822572708130e-02
1.490000000000000036e+01,4.055521264672279358e-02
1.493333333333333357e+01,3.049714490771293640e-02
1.496666666666666679e+01,5.990047380328178406e-02
1.500000000000000000e+01,8.447140455245971680e-02
1.503333333333333321e+01,7.045520842075347900e-02
1.506666666666666643e+01,6.142427399754524231e-02
1.509999999999999964e+01,9.345819056034088135e-02
1.513333333333333286e+01,1.205734983086585999e-01
1.516666666666666607e+01,1.076947301626205444e-01
1.519999999999999929e+01,1.003829240798950195e-01
1.523333333333333250e+01,1.304358094930648804e-01
1.526666666666666572e+01,1.517176628112792969e-01
1.529999999999999893e+01,1.327466219663619995e-01
1.533333333333333393e+01,1.195480301976203918e-01
1.536666666666666714e+01,1.478577554225921631e-01
1.540000000000000036e+01,1.708261966705322266e-01
1.543333333333333357e+01,1.542975902557373047e-01
1.546666666666666679e+01,1.430996656417846680e-01
1.550000000000000000e+01,1.727352738380432129e-01
1.553333333333333321e+01,1.963959485292434692e-01
1.556666666666666643e+01,1.787425428628921509e-01
1.559999999999999964e+01,1.671108454465866089e-01
1.563333333333333286e+01,1.960009485483169556e-01
1.566666666666666607e+01,2.191974818706512451e-01
1.569999999999999929e+01,2.027289569377899170e-01
1.573333333333333250e+01,1.909135133028030396e-01
1.576666666666666572e+01,2.196231037378311157e-01
1.579999999999999893e+01,2.447693943977355957e-01
1.583333333333333393e+01,2.296753525733947754e-01
1.586666666666666714e+01,2.196410149335861206e-01
1.590000000000000036e+01,2.502917647361755371e-01
1.593333333333333357e+01,2.782578766345977783e-01
1.596666666666666679e+01,2.650972306728363037e-01
1.600000000000000000e+01,2.567909657955169678e-01
1.603333333333333144e+01,2.873358428478240967e-01
1.606666666666666643e+01,3.098292648792266846e-01
1.610000000000000142e+01,2.917028069496154785e-01
1.613333333333333286e+01,2.777825593948364258e-01
1.616666666666666785e+01,3.040200471878051758e-01
1.619999999999999929e+01,3.246520459651947021e-01
1.623333333333333428e+01,3.044808208942413330e-01
1.626666666666666572e+01,2.884343564510345459e-01
1.630000000000000071e+01,3.125270605087280273e-01
1.633333333333333215e+01,3.303857445716857910e-01
1.636666666666666714e+01,3.075089454650878906e-01
1.639999999999999858e+01,2.893562912940979004e-01
1.643333333333333357e+01,3.111388683319091797e-01
1.646666666666666501e+01,3.261793553829193115e-01
1.650000000000000000e+01,3.007404804229736328e-01
1.653333333333333144e+01,2.804456055164337158e-01
1.656666666666666643e+01,2.999384403228759766e-01
1.660000000000000142e+01,3.122056126594543457e-01
1.663333333333333286e+01,2.844393253326416016e-01
1.666666666666666785e+01,2.620584070682525635e-01
1.669999999999999929e+01,2.794679105281829834e-01
1.673333333333333428e+01,2.918407917022705078e-01
1.676666666666666572e+01,2.635945081710815430e-01
1.680000000000000071e+01,2.394318580627441406e-01
1.683333333333333215e+01,2.553647756576538086e-01
1.686666666666666714e+01,2.670907974243164062e-01
1.689999999999999858e+01,2.380615472793579102e-01
1.693333333333333357e+01,2.139030247926712036e-01
1.696666666666666501e+01,2.299713045358657837e-01
1.700000000000000000e+01,2.408802956342697144e-01
1.703333333333333144e+01,2.112702876329421997e-01
1.706666666666666643e+01,1.875834017992019653e-01
1.710000000000000142e+01,2.040287852287292480e-01
1.713333333333333286e+01,2.144576907157897949e-01
1.716666666666666785e+01,1.844017654657363892e-01
1.719999999999999929e+01,1.598284542560577393e-01
1.723333333333333428e+01,1.771073937416076660e-01
1.726666666666666572e+01,1.890472322702407837e-01
1.730000000000000071e+01,1.616305708885192871e-01
1.733333333333333215e+01,1.401493400335311890e-01
1.736666666666666714e+01,1.589852273464202881e-01
1.739999999999999858e+01,1.732630133628845215e-01
1.743333333333333357e+01,1.469402462244033813e-01
1.746666666666666501e+01,1.262330561876296997e-01
1.750000000000000000e+01,1.462600827217102051e-01
1.753333333333333144e+01,1.615601032972335815e-01
1.756666666666666643e+01,1.356018185615539551e-01
1.760000000000000142e+01,1.156725063920021057e-01
1.763333333333333286e+01,1.365586370229721069e-01
1.766666666666666785e+01,1.525065600872039795e-01
1.769999999999999929e+01,1.287157535552978516e-01
1.773333333333333428e+01,1.102444455027580261e-01
1.776666666666666572e+01,1.318924725055694580e-01
1.780000000000000071e+01,1.477027535438537598e-01
1.783333333333333215e+01,1.236515119671821594e-01
1.786666666666666714e+01,1.034120023250579834e-01
1.789999999999999858e+01,1.229816824197769165e-01
1.793333333333333357e+01,1.374017149209976196e-01
1.796666666666666501e+01,1.125266402959823608e-01
1.800000000000000000e+01,9.253292530775070190e-02
1.803333333333333144e+01,1.128449514508247375e-01
1.806666666666666643e+01,1.275694668292999268e-01
1.810000000000000142e+01,1.015708446502685547e-01
1.813333333333333286e+01,8.041881769895553589e-02
1.816666666666666785e+01,1.003773286938667297e-01
1.819999999999999929e+01,1.148903891444206238e-01
1.823333333333333428e+01,8.839088678359985352e-02
1.826666666666666572e+01,6.690232455730438232e-02
1.830000000000000071e+01,8.651478588581085205e-02
1.833333333333333215e+01,1.006059125065803528e-01
1.836666666666666714e+01,7.401774078607559204e-02
1.839999999999999858e+01,5.213966220617294312e-02
1.843333333333333357e+01,7.009859383106231689e-02
1.846666666666666501e+01,8.271545171737670898e-02
1.850000000000000000e+01,5.613420903682708740e-02
1.853333333333333144e+01,3.493881225585937500e-02
1.856666666666666643e+01,5.387182533740997314e-02
1.860000000000000142e+01,6.758783757686614990e-02
1.863333333333333286e+01,4.142151772975921631e-02
1.866666666666666785e+01,2.015572600066661835e-02
1.869999999999999929e+01,3.881367295980453491e-02
1.873333333333333428e+01,5.216252431273460388e-02
1.876666666666666572e+01,2.607990428805351257e-02
1.880000000000000071e+01,5.997162312269210815e-03
1.883333333333333215e+01,2.460068650543689728e-02
1.886666666666666714e+01,3.755632787942886353e-02
1.889999999999999858e+01,9.112178348004817963e-03
1.893333333333333357e+01,-1.410535722970962524e-02
1.896666666666666501e+01,3.404745366424322128e-03
1.900000000000000000e+01,1.595357432961463928e-02
1.903333333333333144e+01,-1.117416471242904663e-02
1.906666666666666643e+01,-3.303621336817741394e-02
1.910000000000000142e+01,-1.231135148555040359e-02
1.913333333333333286e+01,3.049428109079599380e-03
1.916666666666666785e+01,-2.248550020158290863e-02
1.919999999999999929e+01,-4.308516159653663635e-02
1.923333333333333428e+01,-2.226513810455799103e-02
1.926666666666666572e+01,-6.999161094427108765e-03
1.930000000000000071e+01,-3.291394561529159546e-02
1.933333333333333215e+01,-5.380832031369209290e-02
1.936666666666666714e+01,-3.379793465137481689e-02
1.939999999999999858e+01,-1.916647143661975861e-02
1.943333333333333357e+01,-4.495792835950851440e-02
1.946666666666666501e+01,-6.594206392765045166e-02
1.950000000000000000e+01,-4.763489216566085815e-02
1.953333333333333144e+01,-3.461299091577529907e-02
1.956666666666666643e+01,-6.064343452453613281e-02
1.960000000000000142e+01,-7.939716428518295288e-02
1.963333333333333286e+01,-5.816872790455818176e-02
1.966666666666666785e+01,-4.212119057774543762e-02
1.969999999999999929e+01,-6.583569943904876709e-02
1.973333333333333428e+01,-8.350622653961181641e-02
1.976666666666666572e+01,-6.081568822264671326e-02
1.980000000000000071e+01,-4.237622767686843872e-02
1.983333333333333215e+01,-6.395211070775985718e-02
1.986666666666666714e+01,-7.989335060119628906e-02
1.989999999999999858e+01,-5.512940138578414917e-02
1.993333333333333357e+01,-3.372628241777420044e-02
1.996666666666666501e+01,-5.242891237139701843e-02
2.000000000000000000e+01,-6.642642617225646973e-02
2.003333333333333144e+01,-3.963356092572212219e-02
2.006666666666666643e+01,-1.524011325091123581e-02
2.010000000000000142e+01,-3.203586488962173462e-02
2.013333333333333286e+01,-4.410197958350181580e-02
2.016666666666666785e+01,-1.570128090679645538e-02
2.019999999999999929e+01,5.909091793000698090e-03
2.023333333333333428e+01,-1.300463732331991196e-02
2.026666666666666572e+01,-2.750464342534542084e-02
2.030000000000000071e+01,-2.008220646530389786e-03
2.033333333333333215e+01,1.792670972645282745e-02
2.036666666666666714e+01,-2.823745831847190857e-03
2.039999999999999858e+01,-1.955069415271282196e-02
2.043333333333333357e+01,3.962813876569271088e-03
2.046666666666666501e+01,2.139514870941638947e-02
2.050000000000000000e+01,-1.869211322627961636e-03
2.053333333333333144e+01,-2.034324035048484802e-02
2.056666666666666643e+01,1.106228563003242016e-03
2.060000000000000142e+01,1.579261943697929382e-02
2.063333333333333286e+01,-9.881580248475074768e-03
2.066666666666666785e+01,-3.025685995817184448e-02
2.069999999999999929e+01,-1.091453526169061661e-02
2.073333333333333428e+01,1.015950925648212433e-03
2.076666666666666572e+01,-2.673216164112091064e-02
2.080000000000000071e+01,-4.876102507114410400e-02
2.083333333333333215e+01,-3.070520609617233276e-02
2.086666666666666714e+01,-1.793789304792881012e-02
2.089999999999999858e+01,-4.634810611605644226e-02
2.093333333333333357e+01,-6.981711834669113159e-02
2.096666666666666501e+01,-5.457809939980506897e-02
2.100000000000000000e+01,-4.454795643687248230e-02
2.103333333333333144e+01,-7.426007837057113647e-02
2.106666666666666643e+01,-9.965796023607254028e-02
2.110000000000000142e+01,-8.713977038860321045e-02
2.113333333333333286e+01,-7.913946360349655151e-02
2.116666666666666785e+01,-1.075282171368598938e-01
2.119999999999999929e+01,-1.288263499736785889e-01
2.123333333333333428e+01,-1.101756095886230469e-01
2.126666666666666572e+01,-9.673521667718887329e-02
2.130000000000000071e+01,-1.258046776056289673e-01
2.133333333333333215e+01,-1.500230729579925537e-01
2.136666666666666714e+01,-1.331006288528442383e-01
2.139999999999999858e+01,-1.219097375869750977e-01
2.143333333333333357e+01,-1.528958380222320557e-01
2.146666666666666501e+01,-1.783270984888076782e-01
2.150000000000000000e+01,-1.642848551273345947e-01
2.153333333333333144e+01,-1.551958024501800537e-01
2.156666666666666643e+01,-1.865698397159576416e-01
2.160000000000000142e+01,-2.123645693063735962e-01
2.163333333333333286e+01,-1.980400979518890381e-01
2.166666666666666785e+01,-1.885057985782623291e-01
2.169999999999999929e+01,-2.181684523820877075e-01
2.173333333333333428e+01,-2.428016364574432373e-01
2.176666666666666572e+01,-2.264519631862640381e-01
2.180000000000000071e+01,-2.155133634805679321e-01
2.183333333333333215e+01,-2.437275946140289307e-01
2.186666666666666714e+01,-2.664848268032073975e-01
2.189999999999999858e+01,-2.484340518712997437e-01
2.193333333333333357e+01,-2.351873964071273804e-01
2.196666666666666501e+01,-2.617541849613189697e-01
2.200000000000000000e+01,-2.841935753822326660e-01
2.203333333333333144e+01,-2.659009993076324463e-01
2.206666666666666643e+01,-2.513699233531951904e-01
2.210000000000000142e+01,-2.773442268371582031e-01
2.213333333333333286e+01,-2.996156215667724609e-01
2.216666666666666785e+01,-2.813705205917358398e-01
2.219999999999999929e+01,-2.679385840892791748e-01
2.223333333333333428e+01,-2.946325242519378662e-01
2.226666666666666572e+01,-3.154656887054443359e-01
2.230000000000000071e+01,-2.958052456378936768e-01
2.233333333333333215e+01,-2.817124128341674805e-01
2.236666666666666714e+01,-3.077805340290069580e-01
2.239999999999999858e+01,-3.288243412971496582e-01
2.243333333333333357e+01,-3.087461888790130615e-01
2.246666666666666501e+01,-2.928911149501800537e-01
2.250000000000000000e+01,-3.175618052482604980e-01
2.253333333333333144e+01,-3.367474973201751709e-01
2.256666666666666643e+01,-3.158030807971954346e-01
2.260000000000000142e+01,-2.992724776268005371e-01
2.263333333333333286e+01,-3.234119117259979248e-01
2.266666666666666785e+01,-3.419421315193176270e-01
2.269999999999999929e+01,-3.195764422416687012e-01
2.273333333333333428e+01,-3.021529912948608398e-01
2.276666666666666572e+01,-3.258566856384277344e-01
2.280000000000000071e+01,-3.440851569175720215e-01
2.283333333333333215e+01,-3.214865326881408691e-01
2.286666666666666714e+01,-3.039159476757049561e-01
2.289999999999999858e+01,-3.268082141876220703e-01
2.293333333333333357e+01,-3.442427515983581543e-01
2.296666666666666501e+01,-3.221814930438995361e-01
2.300000000000000000e+01,-3.050482273101806641e-01
2.303333333333333144e+01,-3.261218667030334473e-01
2.306666666666666643e+01,-3.419486284255981445e-01
2.310000000000000142e+01,-3.167804181575775146e-01
2.313333333333333286e+01,-2.964318692684173584e-01
2.316666666666666785e+01,-3.157827258110046387e-01
2.319999999999999929e+01,-3.293922245502471924e-01
2.323333333333333428e+01,-3.011383116245269775e-01
2.326666666666666572e+01,-2.780447304248809814e-01
2.330000000000000071e+01,-2.950520217418670654e-01
2.333333333333333215e+01,-3.077359795570373535e-01
2.336666666666666714e+01,-2.795350253582000732e-01
2.339999999999999858e+01,-2.559518516063690186e-01
2.343333333333333357e+01,-2.725730538368225098e-01
2.346666666666666501e+01,-2.843081355094909668e-01
2.350000000000000000e+01,-2.553561031818389893e-01
2.353333333333333144e+01,-2.317111045122146606e-01
2.356666666666666643e+01,-2.481875419616699219e-01
2.360000000000000142e+01,-2.592067718505859375e-01
2.363333333333333286e+01,-2.296828329563140869e-01
2.366666666666666785e+01,-2.060979753732681274e-01
2.369999999999999929e+01,-2.225575298070907593e-01
2.373333333333333428e+01,-2.330357432365417480e-01
2.376666666666666572e+01,-2.031774371862411499e-01
2.380000000000000071e+01,-1.796159148216247559e-01
2.383333333333333215e+01,-1.959103047847747803e-01
2.386666666666666714e+01,-2.062862515449523926e-01
2.389999999999999858e+01,-1.766833066940307617e-01
2.393333333333333357e+01,-1.524479687213897705e-01
2.396666666666666501e+01,-1.692094802856445312e-01
2.400000000000000000e+01,-1.808822154998779297e-01
2.403333333333333144e+01,-1.541037708520889282e-01
2.406666666666666643e+01,-1.325710266828536987e-01
2.410000000000000142e+01,-1.506587266921997070e-01
2.413333333333333286e+01,-1.642104834318161011e-01
2.416666666666666785e+01,-1.388964056968688965e-01
2.419999999999999929e+01,-1.184522211551666260e-01
2.423333333333333428e+01,-1.390023976564407349e-01
2.426666666666666572e+01,-1.549987792968750000e-01
2.430000000000000071e+01,-1.306798160076141357e-01
2.433333333333333215e+01,-1.102839857339859009e-01
2.436666666666666714e+01,-1.309033334255218506e-01
2.439999999999999858e+01,-1.471080482006072998e-01
2.443333333333333357e+01,-1.220883354544639587e-01
2.446666666666666501e+01,-1.024682521820068359e-01
2.450000000000000000e+01,-1.222852542996406555e-01
2.453333333333333144e+01,-1.372271627187728882e-01
2.456666666666666643e+01,-1.115134730935096741e-01
2.460000000000000142e+01,-9.090615808963775635e-02
2.463333333333333286e+01,-1.103887781500816345e-01
2.466666666666666785e+01,-1.247232779860496521e-01
2.469999999999999929e+01,-9.847746044397354126e-02
2.473333333333333428e+01,-7.760026305913925171e-02
2.476666666666666572e+01,-9.676772356033325195e-02
2.480000000000000071e+01,-1.105758100748062134e-01
2.483333333333333215e+01,-8.388883620500564575e-02
2.486666666666666714e+01,-6.223676353693008423e-02
2.489999999999999858e+01,-8.041322976350784302e-02
2.493333333333333357e+01,-9.367663413286209106e-02
2.496666666666666501e+01,-6.626226752996444702e-02
2.500000000000000000e+01,-4.401001706719398499e-02
2.503333333333333144e+01,-6.188146024942398071e-02
2.506666666666666643e+01,-7.451110333204269409e-02
2.510000000000000142e+01,-4.650747030973434448e-02
2.513333333333333286e+01,-2.408522181212902069e-02
2.516666666666666785e+01,-4.173400998115539551e-02
2.519999999999999929e+01,-5.380088835954666138e-02
2.523333333333333428e+01,-2.534741535782814026e-02
2.526666666666666572e+01,-2.713947324082255363e-03
2.530000000000000071e+01,-2.007073163986206055e-02
2.533333333333333215e+01,-3.167231753468513489e-02
2.536666666666666714e+01,-2.694609574973583221e-03
2.539999999999999858e+01,2.093546465039253235e-02
2.543333333333333357e+01,4.699906799942255020e-03
2.546666666666666501e+01,-6.447583902627229691e-03
2.550000000000000000e+01,2.108089253306388855e-02
2.553333333333333144e+01,4.329660907387733459e-02
2.556666666666666643e+01,2.580814063549041748e-02
2.560000000000000142e+01,1.281629782170057297e-02
2.563333333333333286e+01,3.699229657649993896e-02
2.566666666666666785e+01,5.697315558791160583e-02
2.569999999999999929e+01,3.800100833177566528e-02
2.573333333333333428e+01,2.420436963438987732e-02
2.576666666666666572e+01,5.078499019145965576e-02
2.580000000000000071e+01,7.266306877136230469e-02
2.583333333333333215e+01,5.322619527578353882e-02
2.586666666666666714e+01,3.756988421082496643e-02
2.589999999999999858e+01,6.300987303256988525e-02
2.593333333333333357e+01,8.400490134954452515e-02
2.596666666666666501e+01,6.402266770601272583e-02
2.600000000000000000e+01,4.691819474101066589e-02
2.603333333333333144e+01,7.011443376541137695e-02
2.606666666666666643e+01,8.839074522256851196e-02
2.609999999999999787e+01,6.573238223791122437e-02
2.613333333333333286e+01,4.672278463840484619e-02
2.616666666666666785e+01,6.804381310939788818e-02
2.619999999999999929e+01,8.337868005037307739e-02
2.623333333333333428e+01,5.802918598055839539e-02
2.626666666666666572e+01,3.736750036478042603e-02
2.630000000000000071e+01,5.647996440529823303e-02
2.633333333333333215e+01,6.863733381032943726e-02
2.636666666666666714e+01,4.036736488342285156e-02
2.639999999999999858e+01,1.754413545131683350e-02
2.643333333333333357e+01,3.436759486794471741e-02
2.646666666666666501e+01,4.343964159488677979e-02
2.650000000000000000e+01,1.251655351370573044e-02
2.653333333333333144e+01,-1.229460444301366806e-02
2.656666666666666643e+01,2.688803477212786674e-03
2.659999999999999787e+01,1.172643993049860001e-02
2.663333333333333286e+01,-1.991270855069160461e-02
2.666666666666666785e+01,-4.784068092703819275e-02
2.669999999999999929e+01,-3.555113449692726135e-02
2.673333333333333428e+01,-2.795575745403766632e-02
2.676666666666666572e+01,-5.672987923026084900e-02
2.680000000000000071e+01,-7.917863875627517700e-02
2.683333333333333215e+01,-6.197320297360420227e-02
2.686666666666666714e+01,-5.003785714507102966e-02
2.689999999999999858e+01,-7.847345620393753052e-02
2.693333333333333357e+01,-1.021375805139541626e-01
2.696666666666666501e+01,-8.496516197919845581e-02
2.700000000000000000e+01,-7.274332642555236816e-02
2.703333333333333144e+01,-1.012604907155036926e-01
2.706666666666666643e+01,-1.247617453336715698e-01
2.709999999999999787e+01,-1.072509214282035828e-01
2.713333333333333286e+01,-9.541817009449005127e-02
2.716666666666666785e+01,-1.242304220795631409e-01
2.719999999999999929e+01,-1.461970955133438110e-01
2.723333333333333428e+01,-1.279867440462112427e-01
2.726666666666666572e+01,-1.151186674833297729e-01
2.730000000000000071e+01,-1.436995267868041992e-01
2.733333333333333215e+01,-1.664288192987442017e-01
2.736666666666666714e+01,-1.481265574693679810e-01
2.739999999999999858e+01,-1.363373547792434692e-01
2.743333333333333357e+01,-1.648216098546981812e-01
2.746666666666666501e+01,-1.881713271141052246e-01
2.750000000000000000e+01,-1.699550151824951172e-01
2.753333333333333144e+01,-1.574537605047225952e-01
2.756666666666666643e+01,-1.861361414194107056e-01
2.759999999999999787e+01,-2.089378684759140015e-01
2.763333333333333286e+01,-1.912473589181900024e-01
2.766666666666666785e+01,-1.782997250556945801e-01
2.769999999999999929e+01,-2.051584124565124512e-01
2.773333333333333428e+01,-2.246033400297164917e-01
2.776666666666666572e+01,-2.044672816991806030e-01
2.780000000000000071e+01,-1.899931877851486206e-01
2.783333333333333215e+01,-2.143114805221557617e-01
2.786666666666666714e+01,-2.343093007802963257e-01
2.789999999999999858e+01,-2.146514207124710083e-01
2.793333333333333357e+01,-1.993378996849060059e-01
2.796666666666666501e+01,-2.242716997861862183e-01
2.800000000000000000e+01,-2.437075078487396240e-01
2.803333333333333144e+01,-2.224178016185760498e-01
2.806666666666666643e+01,-2.043039053678512573e-01
2.809999999999999787e+01,-2.271346449851989746e-01
2.813333333333333286e+01,-2.445628941059112549e-01
2.816666666666666785e+01,-2.217157930135726929e-01
2.819999999999999929e+01,-2.055387943983078003e-01
2.823333333333333428e+01,-2.298673838376998901e-01
2.826666666666666572e+01,-2.490127086639404297e-01
2.830000000000000071e+01,-2.281062155961990356e-01
2.833333333333333215e+01,-2.147336155176162720e-01
2.836666666666666714e+01,-2.411723136901855469e-01
2.839999999999999858e+01,-2.622639536857604980e-01
2.843333333333333357e+01,-2.429001629352569580e-01
2.846666666666666501e+01,-2.274386137723922729e-01
2.850000000000000000e+01,-2.521615922451019287e-01
2.853333333333333144e+01,-2.712113261222839355e-01
2.856666666666666643e+01,-2.495456337928771973e-01
2.859999999999999787e+01,-2.314452975988388062e-01
2.863333333333333286e+01,-2.534527182579040527e-01
2.866666666666666785e+01,-2.703816890716552734e-01
2.869999999999999929e+01,-2.465396225452423096e-01
2.873333333333333428e+01,-2.256329506635665894e-01
2.876666666666666572e+01,-2.455591559410095215e-01
2.880000000000000071e+01,-2.604010105133056641e-01
2.883333333333333215e+01,-2.350378185510635376e-01
2.886666666666666714e+01,-2.150908261537551880e-01
2.889999999999999858e+01,-2.356750518083572388e-01
2.893333333333333357e+01,-2.502211034297943115e-01
2.896666666666666501e+01,-2.248272299766540527e-01
2.900000000000000000e+01,-2.057950943708419800e-01
2.903333333333333144e+01,-2.272992581129074097e-01
2.906666666666666643e+01,-2.425807565450668335e-01
2.909999999999999787e+01,-2.176650911569595337e-01
2.913333333333333286e+01,-1.976114958524703979e-01
2.916666666666666785e+01,-2.179749459028244019e-01
2.919999999999999929e+01,-2.339371889829635620e-01
2.923333333333333428e+01,-2.101854830980300903e-01
2.926666666666666572e+01,-1.920062601566314697e-01
2.930000000000000071e+01,-2.118884027004241943e-01
2.933333333333333215e+01,-2.252436727285385132e-01
2.936666666666666714e+01,-1.983552873134613037e-01
2.939999999999999858e+01,-1.770168244838714600e-01
2.943333333333333357e+01,-1.960233300924301147e-01
2.946666666666666501e+01,-2.106825560331344604e-01
2.950000000000000000e+01,-1.845589429140090942e-01
2.953333333333333144e+01,-1.637481153011322021e-01
2.956666666666666643e+01,-1.830877512693405151e-01
2.959999999999999787e+01,-1.964185982942581177e-01
2.963333333333333286e+01,-1.691643446683883667e-01
2.966666666666666785e+01,-1.462121158838272095e-01
2.969999999999999929e+01,-1.634872555732727051e-01
2.973333333333333428e+01,-1.743865311145782471e-01
2.976666666666666572e+01,-1.447650641202926636e-01
2.980000000000000071e+01,-1.198462992906570435e-01
2.983333333333333215e+01,-1.349210739135742188e-01
2.986666666666666714e+01,-1.442257761955261230e-01
2.989999999999999858e+01,-1.128369644284248352e-01
2.993333333333333357e+01,-8.512943238019943237e-02
2.996666666666666501e+01,-9.782239049673080444e-02
3.000000000000000000e+01,-1.062744557857513428e-01
3.003333333333333144e+01,-7.421326637268066406e-02
3.006666666666666643e+01,-4.456304758787155151e-02
3.009999999999999787e+01,-5.554730445146560669e-02
3.013333333333333286e+01,-6.138578802347183228e-02
3.016666666666666785e+01,-3.349484130740165710e-02
3.019999999999999929e+01,-1.637870632112026215e-02
3.023333333333333428e+01,-3.981894254684448242e-02
3.026666666666666572e+01,-5.818058177828788757e-02
3.030000000000000071e+01,-3.389127925038337708e-02
3.033333333333333215e+01,-1.397468149662017822e-02
3.036666666666666714e+01,-3.470152989029884338e-02
3.039999999999999858e+01,-5.071176588535308838e-02
3.043333333333333357e+01,-2.482054196298122406e-02
3.046666666666666501e+01,-3.893526038154959679e-03
3.050000000000000000e+01,-2.340652793645858765e-02
3.053333333333333144e+01,-3.721093758940696716e-02
3.056666666666666643e+01,-1.094650570303201675e-02
3.059999999999999787e+01,1.039584726095199585e-02
3.063333333333333286e+01,-7.940254174172878265e-03
3.066666666666666785e+01,-2.096417918801307678e-02
3.069999999999999929e+01,4.472067579627037048e-03
3.073333333333333428e+01,2.504136972129344940e-02
3.076666666666666572e+01,8.484140038490295410e-03
3.080000000000000071e+01,-2.962604863569140434e-03
3.083333333333333215e+01,2.531593851745128632e-02
3.086666666666666714e+01,4.881019517779350281e-02
3.089999999999999858e+01,3.386271744966506958e-02
3.093333333333333357e+01,2.426112815737724304e-02
3.096666666666666501e+01,5.527067929506301880e-02
3.100000000000000000e+01,8.171975612640380859e-02
3.103333333333333144e+01,6.764050573110580444e-02
3.106666666666666643e+01,5.870962888002395630e-02
3.109999999999999787e+01,9.158244729042053223e-02
3.113333333333333286e+01,1.184898763895034790e-01
3.116666666666666785e+01,1.039005070924758911e-01
3.119999999999999929e+01,9.508831799030303955e-02
3.123333333333333428e+01,1.274318397045135498e-01
3.126666666666666572e+01,1.534027010202407837e-01
3.130000000000000071e+01,1.395351886749267578e-01
3.133333333333333215e+01,1.310823112726211548e-01
3.136666666666666714e+01,1.617523431777954102e-01
3.139999999999999858e+01,1.864558011293411255e-01
3.143333333333333357e+01,1.729418635368347168e-01
3.146666666666666501e+01,1.644696593284606934e-01
3.150000000000000000e+01,1.956988871097564697e-01
3.153333333333333144e+01,2.211064547300338745e-01
3.156666666666666643e+01,2.066005915403366089e-01
3.159999999999999787e+01,1.969742923974990845e-01
3.163333333333333286e+01,2.270304262638092041e-01
3.166666666666666785e+01,2.517470717430114746e-01
3.169999999999999929e+01,2.366152703762054443e-01
3.173333333333333428e+01,2.263161838054656982e-01
3.176666666666666572e+01,2.559751868247985840e-01
3.180000000000000071e+01,2.804776430130004883e-01
3.183333333333333215e+01,2.651290893554687500e-01
3.186666666666666714e+01,2.548486888408660889e-01
3.189999999999999858e+01,2.847951948642730713e-01
3.193333333333333357e+01,3.094011247158050537e-01
3.196666666666666501e+01,2.936197519302368164e-01
